2022-05-22 16:04:35.071604 ¬ходные данные: [[0, 1, 1, 1], [1, 0, 1, 1], [1, 1, 0, 1], [1, 1, 1, 0]] –езультат: [[0, 1, 1, 0], [1, 0, 0, 0], [1, 0, 0, 1], [0, 0, 1, 0]]2022-05-22 16:06:52.383066 ¬ходные данные: [[0, 1, 1, 0], [1, 0, 1, 1], [1, 1, 0, 1], [0, 1, 1, 0]]
 –езультат: [[0, 1, 1, 0], [1, 0, 0, 0], [1, 0, 0, 1], [0, 0, 1, 0]]
2022-05-22 16:31:34.323737 ¬ходные данные: [[0, 1, 0, 1, 0], [1, 0, 1, 1, 0], [0, 1, 0, 0, 1], [1, 1, 0, 0, 1], [0, 0, 1, 1, 0]]
 –езультат: [[0, 1, 0, 1, 0], [1, 0, 0, 0, 0], [0, 0, 0, 0, 1], [1, 0, 0, 0, 1], [0, 0, 1, 1, 0]]
2022-05-22 19:48:00.599085 ¬ходные данные: [[0, 1, 1, 1, 0], [1, 0, 1, 0, 0], [1, 1, 0, 0, 0], [1, 0, 0, 0, 1], [0, 0, 0, 1, 0]]
 –езультат: [[0, 1, 1, 1, 0], [1, 0, 0, 0, 0], [1, 0, 0, 0, 0], [1, 0, 0, 0, 1], [0, 0, 0, 1, 0]]
2022-05-22 23:16:47.971570 ¬ходные данные: [[0, 1, 0, 0, 0, 0, 0, 1, 0], [1, 0, 1, 0, 0, 0, 0, 1, 0], [0, 1, 0, 1, 0, 0, 0, 1, 0], [0, 0, 1, 0, 0, 0, 1, 0, 1], [0, 0, 0, 0, 0, 1, 1, 0, 0], [0, 0, 0, 0, 1, 0, 0, 0, 0], [0, 0, 0, 1, 1, 0, 0, 1, 0], [1, 1, 1, 0, 0, 0, 1, 0, 0], [0, 0, 0, 1, 0, 0, 0, 0, 0]]
 –езультат: [[0, 1, 0, 0, 0, 0, 0, 0, 0], [1, 0, 1, 0, 0, 0, 0, 0, 0], [0, 1, 0, 1, 0, 0, 0, 0, 0], [0, 0, 1, 0, 0, 0, 1, 0, 1], [0, 0, 0, 0, 0, 1, 1, 0, 0], [0, 0, 0, 0, 1, 0, 0, 0, 0], [0, 0, 0, 1, 1, 0, 0, 1, 0], [0, 0, 0, 0, 0, 0, 1, 0, 0], [0, 0, 0, 1, 0, 0, 0, 0, 0]]
2022-05-23 13:35:18.889979 ¬ходные данные: [[0, 1, 1, 1], [1, 0, 1, 1], [1, 1, 0, 1], [1, 1, 1, 0]]
 –езультат: [[0, 1, 0, 0], [1, 0, 1, 0], [0, 1, 0, 1], [0, 0, 1, 0]]
