

2022-05-24 15:06:01.448583
¬ходные данные: 
[[0, 1, 1, 0, 0], [1, 0, 1, 0, 0], [1, 1, 0, 1, 0], [0, 0, 1, 0, 1], [0, 0, 0, 1, 0]]
–езультат: 
{0: [0, 1, 1, 0, 0], 1: [1, 0, 0, 0, 0], 2: [1, 0, 0, 1, 0], 3: [0, 0, 1, 0, 1], 4: [0, 0, 0, 1, 0]}
[1, 2, 3, 4, 5]


2022-05-24 15:06:23.022501
¬ходные данные: 
[[0, 1, 1, 0, 0], [1, 0, 1, 0, 0], [1, 1, 0, 1, 0], [0, 0, 1, 0, 1], [0, 0, 0, 1, 0]]
–езультат: 
{2: [1, 1, 0, 1, 0], 0: [0, 0, 1, 0, 0], 1: [0, 0, 1, 0, 0], 3: [0, 0, 1, 0, 1], 4: [0, 0, 0, 1, 0]}
[3, 1, 2, 4, 5]


2022-05-24 15:54:57.165912
¬ходные данные: 
[[0, 1, 1, 0, 0], [1, 0, 1, 0, 0], [1, 1, 0, 1, 0], [0, 0, 1, 0, 1], [0, 0, 0, 1, 0]]
–езультат: 
{0: [0, 1, 1, 0, 0], 1: [1, 0, 0, 0, 0], 2: [1, 0, 0, 1, 0], 3: [0, 0, 1, 0, 1], 4: [0, 0, 0, 1, 0]}
[1, 2, 3, 4, 5]


2022-05-24 16:16:29.347120
¬ходные данные: 
[[0, 1, 0, 0, 0, 0, 0], [1, 0, 1, 0, 0, 0, 0], [0, 1, 0, 1, 1, 0, 0], [0, 0, 1, 0, 0, 1, 1], [0, 0, 1, 0, 0, 1, 0], [0, 0, 0, 1, 1, 0, 1], [0, 0, 0, 1, 0, 1, 0]]
–езультат: 
{2: [0, 1, 0, 1, 1, 0, 0], 1: [1, 0, 1, 0, 0, 0, 0], 3: [0, 0, 1, 0, 0, 1, 1], 4: [0, 0, 1, 0, 0, 0, 0], 0: [0, 1, 0, 0, 0, 0, 0], 5: [0, 0, 0, 1, 0, 0, 0], 6: [0, 0, 0, 1, 0, 0, 0]}
[3, 2, 4, 5, 1, 6, 7]


2022-05-24 16:17:28.215834
¬ходные данные: 
[[0, 1, 0, 0, 0, 0, 0, 1, 0], [1, 0, 1, 0, 0, 0, 0, 1, 0], [0, 1, 0, 1, 0, 0, 0, 1, 0], [0, 0, 1, 0, 0, 0, 1, 0, 1], [0, 0, 0, 0, 0, 1, 1, 0, 0], [0, 0, 0, 0, 1, 0, 0, 0, 0], [0, 0, 0, 1, 1, 0, 0, 1, 0], [1, 1, 1, 0, 0, 0, 1, 0, 0], [0, 0, 0, 1, 0, 0, 0, 0, 0]]
–езультат: 
{0: [0, 1, 0, 0, 0, 0, 0, 1, 0], 1: [1, 0, 1, 0, 0, 0, 0, 0, 0], 7: [1, 0, 0, 0, 0, 0, 1, 0, 0], 2: [0, 1, 0, 1, 0, 0, 0, 0, 0], 6: [0, 0, 0, 0, 1, 0, 0, 1, 0], 3: [0, 0, 1, 0, 0, 0, 0, 0, 1], 4: [0, 0, 0, 0, 0, 1, 1, 0, 0], 8: [0, 0, 0, 1, 0, 0, 0, 0, 0], 5: [0, 0, 0, 0, 1, 0, 0, 0, 0]}
[1, 2, 8, 3, 7, 4, 5, 9, 6]


2022-05-24 16:36:05.703468
¬ходные данные: 
[[0, 1, 1, 0, 0], [1, 0, 1, 0, 0], [1, 1, 0, 1, 0], [0, 0, 1, 0, 1], [0, 0, 0, 1, 0]]
–езультат: 
{1: [1, 0, 1, 0, 0], 0: [0, 1, 0, 0, 0], 2: [0, 1, 0, 1, 0], 3: [0, 0, 1, 0, 1], 4: [0, 0, 0, 1, 0]}
[2, 1, 3, 4, 5]


2022-05-24 16:36:17.103985
¬ходные данные: 
[[0, 1, 1, 0, 0], [1, 0, 1, 0, 0], [1, 1, 0, 1, 0], [0, 0, 1, 0, 1], [0, 0, 0, 1, 0]]
–езультат: 
{2: [1, 1, 0, 1, 0], 0: [0, 0, 1, 0, 0], 1: [0, 0, 1, 0, 0], 3: [0, 0, 1, 0, 1], 4: [0, 0, 0, 1, 0]}
[3, 1, 2, 4, 5]


2022-05-24 16:36:26.941348
¬ходные данные: 
[[0, 1, 1, 0, 0], [1, 0, 1, 0, 0], [1, 1, 0, 1, 0], [0, 0, 1, 0, 1], [0, 0, 0, 1, 0]]
–езультат: 
{3: [0, 0, 1, 0, 1], 2: [1, 1, 0, 1, 0], 4: [0, 0, 0, 1, 0], 0: [0, 0, 1, 0, 0], 1: [0, 0, 1, 0, 0]}
[4, 3, 5, 1, 2]


2022-05-24 16:36:37.404292
¬ходные данные: 
[[0, 1, 1, 0, 0], [1, 0, 1, 0, 0], [1, 1, 0, 1, 0], [0, 0, 1, 0, 1], [0, 0, 0, 1, 0]]
–езультат: 
{4: [0, 0, 0, 1, 0], 3: [0, 0, 1, 0, 1], 2: [1, 1, 0, 1, 0], 0: [0, 0, 1, 0, 0], 1: [0, 0, 1, 0, 0]}
[5, 4, 3, 1, 2]


2022-05-24 16:41:00.532405
¬ходные данные: 
[[0, 1, 1, 0, 0], [1, 0, 1, 0, 0], [1, 1, 0, 1, 0], [0, 0, 1, 0, 1], [0, 0, 0, 1, 0]]
–езультат: 
{1: [1, 0, 1, 0, 0], 0: [0, 1, 0, 0, 0], 2: [0, 1, 0, 1, 0], 3: [0, 0, 1, 0, 1], 4: [0, 0, 0, 1, 0]}
[2, 1, 3, 4, 5]


2022-05-24 16:57:25.450206
¬ходные данные: 
[[0, 0, 1, 1, 1, 0, 1], [0, 0, 1, 0, 1, 1, 1], [1, 1, 0, 1, 1, 1, 0], [1, 0, 1, 0, 0, 1, 0], [1, 1, 1, 0, 0, 1, 1], [0, 1, 1, 1, 1, 0, 0], [1, 1, 0, 0, 1, 0, 0]]
–езультат: 
{3: [1, 0, 1, 0, 0, 1, 0], 0: [0, 0, 0, 1, 1, 0, 1], 2: [0, 1, 0, 1, 0, 0, 0], 5: [0, 0, 0, 1, 0, 0, 0], 4: [1, 0, 0, 0, 0, 0, 0], 6: [1, 0, 0, 0, 0, 0, 0], 1: [0, 0, 1, 0, 0, 0, 0]}
[4, 1, 3, 6, 5, 7, 2]
